>Si5G022500.1	100	397	100	397	PF01095.19	Pectinesterase	1	298	298	485.84	3.0e-146	1.7e-150	1	0	CL0268
>Si2G430600.1	286	583	286	583	PF01095.19	Pectinesterase	1	298	298	471.02	9.7e-142	1.1e-145	1	0	CL0268
>Si2G430600.1	85	239	84	239	PF04043.15	PMEI	2	154	154	84.71	8.1e-24	9.1e-28	1	0	
>Si7G123200.1	250	546	250	547	PF01095.19	Pectinesterase	1	297	298	469.75	2.4e-141	2.6e-145	1	0	CL0268
>Si7G123200.1	50	196	49	196	PF04043.15	PMEI	2	154	154	85.65	4.2e-24	4.6e-28	1	0	
>Si6G168400.1	192	503	192	503	PF01095.19	Pectinesterase	1	298	298	469.20	3.5e-141	3.9e-145	1	0	CL0268
>Si6G168400.1	48	124	13	147	PF04043.15	PMEI	71	126	154	38.31	1.6e-09	1.8e-13	1	0	
>Si2G214500.1	320	617	320	618	PF01095.19	Pectinesterase	1	297	298	451.27	1.0e-135	1.1e-139	1	0	CL0268
>Si2G214500.1	113	256	112	256	PF04043.15	PMEI	2	154	154	87.95	8.2e-25	9.1e-29	1	0	
>Si7G258300.1	296	591	296	593	PF01095.19	Pectinesterase	1	296	298	450.34	1.9e-135	2.2e-139	1	0	CL0268
>Si7G258300.1	46	186	44	186	PF04043.15	PMEI	4	154	154	97.82	7.5e-28	8.3e-32	1	0	
>Si6G168500.1	356	652	355	653	PF01095.19	Pectinesterase	2	297	298	443.19	2.9e-133	3.2e-137	1	0	CL0268
>Si6G168500.1	85	230	84	230	PF04043.15	PMEI	2	154	154	85.95	3.4e-24	3.8e-28	1	0	
>Si5G022600.1	226	525	225	526	PF01095.19	Pectinesterase	2	297	298	443.20	2.9e-133	3.2e-137	1	0	CL0268
>Si5G022600.1	38	182	36	186	PF04043.15	PMEI	4	148	154	65.50	6.7e-18	7.4e-22	1	0	
>Si8G075500.1	306	605	306	605	PF01095.19	Pectinesterase	1	298	298	432.66	4.7e-130	5.2e-134	1	0	CL0268
>Si8G075500.1	120	261	119	261	PF04043.15	PMEI	3	154	154	85.00	6.6e-24	7.4e-28	1	0	
>Si1G129700.1	246	561	246	562	PF01095.19	Pectinesterase	1	297	298	423.73	2.5e-127	2.7e-131	1	0	CL0268
>Si1G129700.1	52	161	42	191	PF04043.15	PMEI	25	126	154	45.78	7.9e-12	8.8e-16	1	0	
>Si2G441400.1	243	540	243	541	PF01095.19	Pectinesterase	1	297	298	423.77	2.4e-127	4.0e-131	1	0	CL0268
>Si2G441400.1	46	194	45	195	PF04043.15	PMEI	2	153	154	96.50	1.9e-27	3.2e-31	1	0	
>Si9G434800.1	243	539	243	540	PF01095.19	Pectinesterase	1	297	298	423.52	2.8e-127	3.2e-131	1	0	CL0268
>Si9G434800.1	43	191	42	191	PF04043.15	PMEI	2	154	154	97.67	8.3e-28	9.2e-32	1	0	
>Si5G058300.1	278	571	278	572	PF01095.19	Pectinesterase	1	297	298	417.96	1.4e-125	1.6e-129	1	0	CL0268
>Si5G058300.1	50	212	49	212	PF04043.15	PMEI	2	154	154	78.48	6.7e-22	7.5e-26	1	0	
>Si5G450500.1	7	308	7	308	PF01095.19	Pectinesterase	1	298	298	402.20	8.9e-121	4.9e-125	1	0	CL0268
>Si4G042100.1	309	603	308	603	PF01095.19	Pectinesterase	2	298	298	396.90	3.6e-119	4.1e-123	1	0	CL0268
>Si4G042100.1	81	245	78	245	PF04043.15	PMEI	4	154	154	62.56	5.4e-17	6.0e-21	1	0	
>Si1G343000.1	240	546	240	546	PF01095.19	Pectinesterase	1	298	298	396.34	5.4e-119	6.0e-123	1	0	CL0268
>Si1G343000.1	51	190	50	190	PF04043.15	PMEI	2	154	154	82.05	5.4e-23	6.0e-27	1	0	
>Si9G373000.1	263	564	263	565	PF01095.19	Pectinesterase	1	297	298	378.24	1.8e-113	2.0e-117	1	0	CL0268
>Si9G373000.1	57	205	55	205	PF04043.15	PMEI	3	154	154	66.42	3.5e-18	3.9e-22	1	0	
>Si5G402500.1	235	535	234	536	PF01095.19	Pectinesterase	2	297	298	359.73	7.6e-108	4.3e-112	1	0	CL0268
>Si3G370800.1	55	353	55	353	PF01095.19	Pectinesterase	1	298	298	353.20	7.4e-106	4.1e-110	1	0	CL0268
>Si7G104600.1	148	453	147	454	PF01095.19	Pectinesterase	2	297	298	352.19	1.5e-105	8.4e-110	1	0	CL0268
>Si5G344400.1	139	287	139	290	PF01095.19	Pectinesterase	1	140	298	183.06	4.9e-54	5.5e-58	1	0	CL0268
>Si5G344400.1	354	442	341	443	PF01095.19	Pectinesterase	209	297	298	134.75	2.5e-39	2.8e-43	1	0	CL0268
>Si5G344400.1	28	90	23	91	PF04043.15	PMEI	78	153	154	28.46	1.7e-06	1.9e-10	1	0	
>Si3G376400.1	21	149	21	150	PF01095.19	Pectinesterase	1	126	298	104.31	4.8e-30	2.7e-34	1	1	CL0268
>Si3G376400.1	145	298	144	298	PF01095.19	Pectinesterase	143	298	298	180.88	2.3e-53	1.3e-57	1	0	CL0268
>Si5G313900.1	112	397	103	398	PF01095.19	Pectinesterase	9	297	298	250.79	1.2e-74	6.4e-79	1	0	CL0268
>Si2G263400.1	7	181	7	190	PF01095.19	Pectinesterase	1	183	298	192.99	4.6e-57	2.6e-61	1	0	CL0268
>Si2G263400.1	236	286	224	286	PF01095.19	Pectinesterase	248	298	298	48.26	5.6e-13	3.1e-17	1	0	CL0268
>Si3G174200.1	108	395	102	396	PF01095.19	Pectinesterase	6	297	298	242.85	3.0e-72	1.7e-76	1	0	CL0268
>Si2G384400.1	57	348	56	349	PF01095.19	Pectinesterase	2	297	298	241.68	6.9e-72	3.8e-76	1	0	CL0268
>Si9G259700.1	20	302	9	304	PF01095.19	Pectinesterase	10	296	298	241.05	1.1e-71	6.0e-76	1	0	CL0268
>Si6G026700.1	93	385	90	385	PF01095.19	Pectinesterase	4	298	298	240.35	1.8e-71	9.8e-76	1	0	CL0268
>Si9G525400.1	19	305	15	307	PF01095.19	Pectinesterase	6	296	298	232.43	4.5e-69	2.5e-73	1	0	CL0268
>Si1G371700.1	7	206	6	207	PF01095.19	Pectinesterase	97	297	298	226.81	2.3e-67	1.3e-71	1	0	CL0268
>Si3G333900.1	118	413	116	413	PF01095.19	Pectinesterase	3	298	298	224.76	9.8e-67	5.5e-71	1	0	CL0268
>Si2G137200.1	12	304	10	305	PF01095.19	Pectinesterase	3	297	298	220.31	2.2e-65	1.2e-69	1	0	CL0268
>Si5G238200.1	10	285	8	287	PF01095.19	Pectinesterase	3	296	298	218.97	5.7e-65	3.2e-69	1	0	CL0268
>Si5G027700.1	34	300	33	319	PF01095.19	Pectinesterase	2	276	298	214.60	1.2e-63	6.8e-68	1	0	CL0268
>Si7G192100.1	48	339	47	341	PF01095.19	Pectinesterase	2	296	298	212.79	4.3e-63	2.4e-67	1	0	CL0268
>Si2G414500.1	38	340	37	342	PF01095.19	Pectinesterase	2	296	298	195.54	7.8e-58	4.3e-62	1	0	CL0268
>Si1G277100.1	44	289	41	302	PF01095.19	Pectinesterase	4	249	298	182.74	6.2e-54	3.4e-58	1	0	CL0268
>Si8G237600.1	89	388	87	389	PF01095.19	Pectinesterase	3	297	298	175.02	1.4e-51	7.7e-56	1	0	CL0268
>Si4G277000.1	60	338	53	339	PF01095.19	Pectinesterase	10	297	298	171.54	1.6e-50	8.9e-55	1	0	CL0268
>Si1G371800.1	78	346	74	363	PF01095.19	Pectinesterase	9	267	298	112.27	1.8e-32	1.0e-36	1	0	CL0268
>Si5G186700.1	60	147	53	159	PF01095.19	Pectinesterase	10	100	298	40.01	1.8e-10	1.0e-14	1	0	CL0268
>Si5G186700.1	168	303	161	304	PF01095.19	Pectinesterase	146	297	298	53.79	1.2e-14	6.5e-19	1	0	CL0268